4.6535E-04  9.5038E-04  1.6405E-03  2.3901E-03  2.9624E-03  3.1728E-03  2.9624E-03  2.3901E-03  1.6405E-03  9.5038E-04  4.6535E-04  

9.5038E-04  1.9108E-03  3.1728E-03  4.3106E-03  4.9178E-03  5.0596E-03  4.9178E-03  4.3106E-03  3.1728E-03  1.9108E-03  9.5038E-04  

1.6405E-03  3.1728E-03  4.7377E-03  5.0651E-03  3.7766E-03  2.8220E-03  3.7766E-03  5.0651E-03  4.7377E-03  3.1728E-03  1.6405E-03  

2.3901E-03  4.3106E-03  5.0651E-03  1.4721E-03  -6.2161E-03  -1.0589E-02  -6.2161E-03  1.4721E-03  5.0651E-03  4.3106E-03  2.3901E-03  

2.9624E-03  4.9178E-03  3.7766E-03  -6.2161E-03  -2.3655E-02  -3.3134E-02  -2.3655E-02  -6.2161E-03  3.7766E-03  4.9178E-03  2.9624E-03  

3.1728E-03  5.0596E-03  2.8220E-03  -1.0589E-02  -3.3134E-02  -4.5271E-02  -3.3134E-02  -1.0589E-02  2.8220E-03  5.0596E-03  3.1728E-03  

2.9624E-03  4.9178E-03  3.7766E-03  -6.2161E-03  -2.3655E-02  -3.3134E-02  -2.3655E-02  -6.2161E-03  3.7766E-03  4.9178E-03  2.9624E-03  

2.3901E-03  4.3106E-03  5.0651E-03  1.4721E-03  -6.2161E-03  -1.0589E-02  -6.2161E-03  1.4721E-03  5.0651E-03  4.3106E-03  2.3901E-03  

1.6405E-03  3.1728E-03  4.7377E-03  5.0651E-03  3.7766E-03  2.8220E-03  3.7766E-03  5.0651E-03  4.7377E-03  3.1728E-03  1.6405E-03  

9.5038E-04  1.9108E-03  3.1728E-03  4.3106E-03  4.9178E-03  5.0596E-03  4.9178E-03  4.3106E-03  3.1728E-03  1.9108E-03  9.5038E-04  

4.6535E-04  9.5038E-04  1.6405E-03  2.3901E-03  2.9624E-03  3.1728E-03  2.9624E-03  2.3901E-03  1.6405E-03  9.5038E-04  4.6535E-04  

