1.7911E-08  5.9312E-07  7.2257E-06  3.2383E-05  5.3391E-05  3.2383E-05  7.2257E-06  5.9312E-07  1.7911E-08  

5.9312E-07  1.9641E-05  2.3928E-04  1.0724E-03  1.7681E-03  1.0724E-03  2.3928E-04  1.9641E-05  5.9312E-07  

7.2257E-06  2.3928E-04  2.9150E-03  1.3064E-02  2.1539E-02  1.3064E-02  2.9150E-03  2.3928E-04  7.2257E-06  

3.2383E-05  1.0724E-03  1.3064E-02  5.8550E-02  9.6533E-02  5.8550E-02  1.3064E-02  1.0724E-03  3.2383E-05  

5.3391E-05  1.7681E-03  2.1539E-02  9.6533E-02  1.5916E-01  9.6533E-02  2.1539E-02  1.7681E-03  5.3391E-05  

3.2383E-05  1.0724E-03  1.3064E-02  5.8550E-02  9.6533E-02  5.8550E-02  1.3064E-02  1.0724E-03  3.2383E-05  

7.2257E-06  2.3928E-04  2.9150E-03  1.3064E-02  2.1539E-02  1.3064E-02  2.9150E-03  2.3928E-04  7.2257E-06  

5.9312E-07  1.9641E-05  2.3928E-04  1.0724E-03  1.7681E-03  1.0724E-03  2.3928E-04  1.9641E-05  5.9312E-07  

1.7911E-08  5.9312E-07  7.2257E-06  3.2383E-05  5.3391E-05  3.2383E-05  7.2257E-06  5.9312E-07  1.7911E-08  

