3.9652E-03  5.8501E-03  7.7232E-03  9.1239E-03  9.6452E-03  9.1239E-03  7.7232E-03  5.8501E-03  3.9652E-03  

5.8501E-03  8.6309E-03  1.1394E-02  1.3461E-02  1.4230E-02  1.3461E-02  1.1394E-02  8.6309E-03  5.8501E-03  

7.7232E-03  1.1394E-02  1.5043E-02  1.7771E-02  1.8786E-02  1.7771E-02  1.5043E-02  1.1394E-02  7.7232E-03  

9.1239E-03  1.3461E-02  1.7771E-02  2.0994E-02  2.2193E-02  2.0994E-02  1.7771E-02  1.3461E-02  9.1239E-03  

9.6452E-03  1.4230E-02  1.8786E-02  2.2193E-02  2.3461E-02  2.2193E-02  1.8786E-02  1.4230E-02  9.6452E-03  

9.1239E-03  1.3461E-02  1.7771E-02  2.0994E-02  2.2193E-02  2.0994E-02  1.7771E-02  1.3461E-02  9.1239E-03  

7.7232E-03  1.1394E-02  1.5043E-02  1.7771E-02  1.8786E-02  1.7771E-02  1.5043E-02  1.1394E-02  7.7232E-03  

5.8501E-03  8.6309E-03  1.1394E-02  1.3461E-02  1.4230E-02  1.3461E-02  1.1394E-02  8.6309E-03  5.8501E-03  

3.9652E-03  5.8501E-03  7.7232E-03  9.1239E-03  9.6452E-03  9.1239E-03  7.7232E-03  5.8501E-03  3.9652E-03  

