1.2060E-02  1.2166E-02  1.2243E-02  1.2289E-02  1.2304E-02  1.2289E-02  1.2243E-02  1.2166E-02  1.2060E-02  

1.2166E-02  1.2273E-02  1.2350E-02  1.2397E-02  1.2412E-02  1.2397E-02  1.2350E-02  1.2273E-02  1.2166E-02  

1.2243E-02  1.2350E-02  1.2428E-02  1.2474E-02  1.2490E-02  1.2474E-02  1.2428E-02  1.2350E-02  1.2243E-02  

1.2289E-02  1.2397E-02  1.2474E-02  1.2521E-02  1.2537E-02  1.2521E-02  1.2474E-02  1.2397E-02  1.2289E-02  

1.2304E-02  1.2412E-02  1.2490E-02  1.2537E-02  1.2552E-02  1.2537E-02  1.2490E-02  1.2412E-02  1.2304E-02  

1.2289E-02  1.2397E-02  1.2474E-02  1.2521E-02  1.2537E-02  1.2521E-02  1.2474E-02  1.2397E-02  1.2289E-02  

1.2243E-02  1.2350E-02  1.2428E-02  1.2474E-02  1.2490E-02  1.2474E-02  1.2428E-02  1.2350E-02  1.2243E-02  

1.2166E-02  1.2273E-02  1.2350E-02  1.2397E-02  1.2412E-02  1.2397E-02  1.2350E-02  1.2273E-02  1.2166E-02  

1.2060E-02  1.2166E-02  1.2243E-02  1.2289E-02  1.2304E-02  1.2289E-02  1.2243E-02  1.2166E-02  1.2060E-02  

